[ -243.19146068358054 , 0 , -35.40443922722802 ]
[ -214.60847712423092 , 0 , -34.631528494926975 ]
[ -213.8166735440243 , 0 , -59.62398829964367 ]
[ -243.41336747162444 , 0 , -60.641685973777584 ]
[ -238.86149699211268 , 0 , -90.33647466030891 ]
[ -209.70291321579478 , 0 , -77.0689582326044 ]
[ -197.43706792273088 , 0 , -91.34477832276477 ]
[ -214.09023427548425 , 0 , -120.45099845571023 ]
[ -171.73005924129131 , 0 , -134.8416394761472 ]
[ -142.7602478545226 , 0 , -134.8469512613642 ]
[ -143.76438467536371 , 0 , -104.6601708890714 ]
[ -117.46064374023887 , 0 , -101.94664683024239 ]
[ -109.93200913171583 , 0 , -129.59749963682597 ]
[ -91.20789760244448 , 0 , -94.96142527151409 ]
[ -77.33590288950366 , 0 , -119.61031495612548 ]
[ -69.25146106567821 , 0 , -81.06304786237185 ]
[ -49.78703967758078 , 0 , -103.538285347804 ]
[ -47.99319256577027 , 0 , -62.60807508033227 ]
[ -29.66836266966527 , 0 , -87.67200552387638 ]
[ -21.453777959905484 , 0 , -45.31907648648658 ]
[ -10.896797533208689 , 0 , -76.62083624964278 ]
[ 3.6083818885660923 , 0 , -36.65085038597108 ]
[ 3.886197381274336 , 0 , -74.630092328801 ]
[ 30.117872608084728 , 0 , -41.36751253114947 ]
[ 18.35791172655792 , 0 , -75.97897479533233 ]
[ 48.87881417410658 , 0 , -88.25596603045273 ]
[ 66.04829345245275 , 0 , -60.66141980641706 ]
[ 74.04119302216633 , 0 , -97.78773872532514 ]
[ 79.84645186200684 , 0 , -64.4178575477954 ]
[ 88.95964260780151 , 0 , -63.02152147407877 ]
[ 101.38076525955033 , 0 , -93.59873050417522 ]
[ 126.91073125935749 , 0 , -75.09276292480531 ]
[ 99.60108290831994 , 0 , -57.27611040693115 ]
[ 106.41224916407329 , 0 , -44.43640580610459 ]
[ 140.99909932712723 , 0 , -49.23221603988725 ]
[ 145.9988887502308 , 0 , -31.732155876430166 ]
[ 107.73474893440235 , 0 , -32.65714460866646 ]
[ 111.57387595453 , 0 , 8.531580835602046 ]
[ 152.47947412087302 , 0 , 13.701884371536043 ]
[ 150.4694298841185 , 0 , 64.41884132053188 ]
[ 112.59394813102166 , 0 , 65.25423462361486 ]
[ 98.44059673522776 , 0 , 108.56915865987722 ]
[ 135.72344123627187 , 0 , 123.06017332107209 ]
[ 102.87590219755285 , 0 , 153.74468373104634 ]
[ 87.4668049545257 , 0 , 125.76147944427848 ]
[ 60.705881447893766 , 0 , 171.14983668567032 ]
[ 52.41568983323494 , 0 , 140.03275579763977 ]
[ 11.62270484114012 , 0 , 184.25868004388678 ]
[ 5.300415641646963 , 0 , 154.97935868429974 ]
[ -52.00956360382284 , 0 , 200.2956502236997 ]
[ -55.17336409917573 , 0 , 171.1710838505225 ]
[ -79.60254660555597 , 0 , 179.93041464602823 ]
[ -75.8319896408632 , 0 , 203.88396614218294 ]
[ -143.95631025039756 , 0 , 223.45631759747147 ]
[ -148.26458554576894 , 0 , 192.9286454952738 ]
[ -187.32664715482989 , 0 , 202.68340550513236 ]
[ -185.00576609406164 , 0 , 231.19855079849833 ]
[ -216.0302867549101 , 0 , 235.00369439166178 ]
[ -207.30740294133258 , 0 , 199.55780185141342 ]
[ -241.89468595075792 , 0 , 213.34075705071393 ]
[ -213.26016092980626 , 0 , 192.02025103363027 ]
[ -246.19981967435072 , 0 , 182.3130948180869 ]
[ -218.16581508074268 , 0 , 176.98913140296398 ]
[ -250.49867025438638 , 0 , 150.28545232460118 ]
[ -222.47723194789262 , 0 , 146.96144943119566 ]
[ -249.19081595922776 , 0 , 101.29270268608245 ]
[ -220.18824682254672 , 0 , 100.97492371880936 ]
[ -248.82639363291358 , 0 , 43.2938475562773 ]
[ -212.32083096801367 , 0 , 42.523202035253725 ]
[ -247.57508762976923 , 0 , 3.3009202654864103 ]
[ -214.07574889100258 , 0 , 3.5114055746500124 ]